18.115	48.375
18.4147	47.808
18.8533	47.432
19.2907	47.024
19.74	45.4743
20.166	45.5467
20.566	44.968
20.8427	45.1813
21.204	45.416
21.5227	45.0213
21.756	44.36
21.984	44.7947
22.108	43.984
22.1373	44.5467
22.08	44.7813
21.9373	45.6773
21.7067	45.5173
21.4667	45.2373
21.1773	45.0747
20.9373	45.072
20.7107	44.128
20.4627	43.2747
20.2047	43.6107
19.976	45.8293
19.756	47.0693
19.5273	49.5467
19.3013	52.2027
19.0413	53.8053
18.768	54.928
18.4967	55.752
18.23	56.0213
18.0053	56.584
17.7807	57.5387
17.576	57.9147
17.3707	57.5893
17.1607	57.1467
16.9407	57.1653
16.6853	57.1813
16.416	57.2453
16.22	57.3653
16.0547	57.5253
15.876	57.712
15.7213	57.896
15.5673	58.0133
15.4147	57.928
15.26	58.048
15.066	58.0107
14.864	57.864
14.6387	57.7173
14.4433	57.5627
14.2667	57.472
13.9887	57.7253
13.7673	58.3413
13.6213	58.496
13.522	58.1013
13.3787	57.44
13.1973	57.5707
12.9067	57.4293
12.6573	57.3867
12.5453	57.3787
12.398	57.3493
12.29	56.8533
12.176	56.6053
12.1367	56.2693
12.072	56.0453
11.9873	55.984
11.9167	56.0373
11.8633	56.0667
11.836	56.1867
11.7567	56.104
11.6907	56.0907
11.5713	56.4747
11.3687	57.0773
11.2627	56.8853
11.1727	56.9093
11.1	56.9573
11.03	57.088
11	56.8347
11.09	56.12
11.2253	55.3573
11.4613	54.4987
11.778	53.9627
12.1447	54.224
12.57	55.1733
13.0093	56.2373
13.4953	56.9333
14.0053	56.792
14.52	55.752
15.106	55.08
15.6	54.1627
16.0653	53.416
16.586	52.92
17.142	52.8747
17.636	52.696
18.03	52.0427
18.3747	52.0773
18.6873	52.4213
18.9767	52.688
19.248	53.16
19.5893	53.3893
19.9793	53.2213
20.274	53.2027
20.5307	53.112
20.88	53.008
21.2107	52.6907
21.5027	52.288
21.844	51.784
22.196	50.8
22.3693	49.4987
22.32	48.1893
22.136	46.432
21.8853	45.1947
21.5827	44.3787
21.2467	44.2373
20.9627	44.0347
20.6947	43.544
20.4427	43.4693
20.1167	43.048
19.8167	43.36
19.5533	44.864
19.3293	48.3867
19.1287	51.8347
18.9267	54.5067
18.7113	56.8587
18.4533	58.408
18.2053	59.5707
17.9927	60.184
17.7647	61.1787
17.5673	62.488
17.3913	62.7653
17.2	63.056
16.996	62.96
16.8393	64.6267
16.684	65.1147
16.514	65.7627
16.3467	65.6587
16.166	65.2187
16.0053	65.2773
15.8253	65.1707
15.6493	65.072
15.4293	64.3813
15.0953	63.3573
14.9067	64.584
14.7893	64.9653
14.66	64.7307
14.4187	64.304
14.208	63.7627
13.9453	63.152
13.6507	62.3547
13.3473	61.8907
13.1267	61.864
12.918	65.3653
12.76	68.5467
12.668	69.3893
12.6267	69.824
12.6133	69.8427
12.6033	70.5147
12.5907	70.3573
12.5907	70.4267
12.5933	70.8453
12.59	70.4533
12.5873	70.7333
12.5967	70.4453
12.6067	70.712
12.6367	70.5333
12.668	70.8507
12.638	71.7493
12.522	71.92
12.3907	71.6027
12.2227	71.28
12.0147	70.9653
11.7967	70.4773
11.5727	70.1413
11.4327	69.5067
11.3953	69.0933
11.4167	68.5787
11.508	68.2907
11.6473	68.1093
11.7813	67.4933
11.93	66.8533
12.142	65.648
12.3787	65.1947
12.644	64.7307
12.988	63.672
13.3487	63.792
13.6793	64.4
14.006	64.264
14.3727	64.024
14.7233	63.7493
15.002	63.4907
15.326	63.16
15.6967	62.84
16.0347	62.488
16.4073	62.128
16.7633	61.8933
17.0687	61.6107
17.32	61.2667
17.632	60.752
17.9767	60.0293
18.2567	59.336
18.5607	58.936
18.848	58.5147
19.0727	58.0613
19.2747	58.0507
19.34	58.32
19.2907	58.6
19.1147	58.9253
18.9587	59.2533
18.764	59.5787
18.6033	59.9013
18.4393	60.2
18.2627	60.304
18.098	60.4747
17.9173	60.8907
17.6773	61.608
17.472	62.4133
17.2827	62.8773
17.1053	63.6533
16.9207	64.456
16.7213	65.064
16.4993	65.5947
16.318	66.0533
16.138	66.6827
15.9873	66.9307
15.8333	67.1573
15.6733	67.52
15.54	68.0933
15.404	68.9067
15.272	69.2613
15.1407	69.4133
15.0093	69.4987
14.8713	69.504
14.75	69.24
14.5993	69.008
14.4087	68.7973
14.234	68.8453
14.0847	68.7707
13.9373	68.7387
13.77	68.896
13.63	68.4053
13.4147	68.0667
13.212	67.68
13.0447	67.6347
12.864	68.024
12.74	67.768
12.6067	67.4987
12.4273	67.216
12.294	66.544
12.1653	65.6107
12.0033	65.032
11.836	64.5467
11.6933	64.2693
11.5667	63.6053
11.4373	62.8187
11.2773	62.4693
11.0967	62.2507
10.97	61.8213
10.876	61.5733
10.696	61.4933
10.58	61.3627
10.4827	61.1493
10.4233	60.824
10.3267	60.8773
10.16	61.0667
9.98333	61.2773
9.94	61.248
9.90933	61.192
9.834	61.2347
9.79667	61.3147
9.82	61.5253
9.91467	61.6267
10.028	61.568
10.19	61.096
10.4513	60.4453
10.8173	60.2133
11.1913	60.4853
11.604	60.9333
12.0213	61.392
12.458	61.8773
12.9287	62.0853
13.398	61.856
13.8253	61.7013
14.2833	61.672
14.73	61.1787
15.1693	60.432
15.5953	60.2453
15.944	60.0373
16.312	60.2213
16.6567	60.512
16.974	60.7653
17.2327	61.144
17.5573	60.7253
17.8987	60.464
18.2307	59.7813
18.5387	58.832
18.8593	58.4213
19.236	58.56
19.5153	58.3947
19.8027	57.88
20.034	57.288
20.17	56.1573
20.1833	54.7787
20.034	53.4827
19.8593	52.4267
19.6267	52.544
19.4107	52.7947
19.1507	52.4
18.8853	52.9867
18.6693	53.6533
18.4633	54.2827
18.2353	55.1893
18.008	55.5547
17.8093	56.3173
17.6353	57.8533
17.4607	60.28
17.304	61.3787
17.1513	62.1067
16.98	62.6507
16.8487	62.912
16.6807	62.8693
16.532	62.7893
16.3867	62.9733
16.2753	63.0373
16.144	62.8747
15.9653	60.936
15.746	60.1547
15.546	60.2187
15.364	60.336
15.1487	60.6667
14.9427	61.0987
14.7953	61.4773
14.696	61.6667
14.5747	61.7653
14.468	61.912
14.322	61.84
14.184	62.2853
14.046	62.664
13.9547	62.8453
13.8393	62.9493
13.6747	63.3387
13.536	63.512
13.412	63.9253
13.25	64.3147
13.0887	64.6
12.914	64.744
12.7713	64.928
12.6493	65.0453
12.56	64.88
12.3647	65.1867
12.1907	65.528
12.07	65.6533
11.9433	65.8667
11.846	66.088
11.7327	66.3627
11.6447	66.088
11.61	65.9893
11.55	65.952
11.478	66.072
11.4633	66.736
11.4407	65.8907
11.35	66.1333
11.2587	66.2373
11.168	66.2667
11.0673	66.3413
10.9833	66.24
10.9873	65.768
11.114	65.2347
11.2873	64.2427
11.5767	63.3787
11.94	63.0133
12.3293	62.9787
12.7533	63.0533
13.218	62.912
13.7633	62.672
14.3407	62.0533
14.9293	61.2187
15.5713	60.4507
16.246	59.28
16.936	57.7653
17.5153	57.1387
18.14	55.9973
18.73	54.912
19.308	54.1093
19.8513	52.68
20.4247	51.5893
21.008	50.472
21.5	49.6027
22.0267	48.104
22.48	46.8907
22.8667	46.2933
23.2827	45.048
23.764	44.2
24.1453	43.6
24.584	42.5733
24.9333	42.2987
25.288	41.3987
25.532	40.8213
25.712	40.4613
25.7133	39.7267
25.4933	39.8867
25.232	39.6107
24.9213	39.4973
24.612	39.1707
24.3627	39.292
24.092	39.868
23.8507	40.2107
23.6573	36.5533
23.5613	34.8293
23.4107	33.4947
23.244	33.444
23.0533	33.3893
22.84	33.5227
22.588	33.4773
22.272	33.5253
21.976	33.684
21.7293	33.9613
21.4427	35.9227
20.9693	43.7
20.5407	47.6267
20.156	49.864
19.7633	51.464
19.4187	52.4693
19.0547	53.5707
18.76	54.4773
18.55	55.2747
18.362	55.952
18.048	56.48
17.628	57.7733
17.4033	58.2107
17.2867	58.5467
17.1013	58.3573
16.856	59.3493
16.7	58.624
16.6827	53.952
16.59	52.3653
16.668	50.4773
16.7033	49.7733
16.6967	49.176
16.7	48.528
16.6967	48.1867
16.644	47.76
16.5807	47.4693
16.5007	47.2507
16.3933	47.2347
16.304	47.1653
16.2067	47.2827
16.0947	47.4107
15.892	48.0827
15.618	48.7387
15.3787	49.24
15.1833	49.6053
15.0233	49.9493
14.8673	50.32
14.7167	50.6933
14.5533	51.0587
14.3933	51.6187
14.2087	52.032
14.046	52.3493
13.9133	52.6667
13.7887	53.0347
13.718	53.4773
13.744	53.4213
13.8533	53.488
14.0593	52.3547
14.4153	50.7413
14.8213	50.1093
15.2467	49.7253
15.676	49.496
16.072	49.1067
16.448	48.7413
16.856	48.1813
17.258	47.9867
17.6527	46.944
17.966	46.0267
18.3547	45.2693
18.7387	43.9413
19.1587	43.1787
19.5507	42.552
19.9687	41.9173
20.3593	41.2373
20.7573	40.456
21.116	39.7693
21.4987	38.628
21.8747	37.824
22.236	36.632
22.5973	35.7333
22.9813	33.0253
23.3493	33.816
23.7213	32.5293
24.1267	31.788
24.4333	29.9693
24.4307	27.304
24.5187	26.5627
24.6267	28.112
24.7013	26.4293
24.4933	24.1
24.2827	23.0013
23.9573	22.728
23.7067	22.776
23.468	23.3413
23.256	23.9147
23.0467	23.488
22.7973	23.3107
22.5693	23.5013
22.3187	23.7227
22.0693	23.7413
21.8053	23.8293
21.548	24.0973
21.2853	24.2387
21.0133	24.3547
20.7853	24.6893
20.5533	24.7373
20.324	24.7093
20.0947	26.3573
19.8867	31.7573
19.692	34.496
19.4847	35.7227
19.2573	36.9253
19.062	37.5907
18.876	38.044
18.7247	39.14
18.5247	39.0107
18.274	37.572
18.0367	35.4787
17.7913	34.168
17.5287	32.4027
17.3107	30.0493
17.106	29.0813
16.906	27.948
16.7027	27.6733
16.5213	27.5413
16.318	27.86
16.1273	28.0867
15.966	28.0707
15.7953	27.9787
15.646	27.9867
15.478	27.9333
15.3293	27.476
15.1447	27.7413
14.9567	28.0253
14.784	28.268
14.6453	28.3133
14.4833	28.4693
14.3047	28.564
14.152	28.712
13.9987	28.796
13.8247	28.996
13.6627	29.1547
13.504	29.284
13.2247	30.3013
13.028	30.3373
12.8633	30.972
12.5387	32.5093
12.276	33.0027
12.1333	33.288
12.0307	33.1227
11.9333	33.1173
11.866	33.1867
11.9033	33.1973
12.098	33.128
12.354	33.048
12.5693	32.9013
12.754	32.668
13.0087	32.3773
13.352	32.168
13.718	32
13.9233	32.14
14.0247	32.412
14.2693	32.284
14.736	31.96
15.2233	31.5613
15.7213	31.152
16.216	30.8693
16.6167	32.0027
16.9427	33.0627
17.1147	33.624
17.22	34.5707
17.336	34.9547
17.432	36.2973
17.7253	36.7747
17.9847	37.2213
18.1293	38.032
18.2333	38.5853
18.5287	37.7413
18.7153	37.748
18.9033	38.2747
19.1187	38.7213
19.3047	38.544
19.474	38.3493
19.4947	38.756
19.3533	39.632
19.2653	39.792
18.846	40.78
18.3973	42.2267
18.1473	43.5467
17.91	44.3253
17.7107	44.8133
17.478	45.4107
17.2947	45.8053
17.1387	46.016
16.9727	46.536
16.8093	46.3813
16.6647	47.008
16.5107	47.52
16.2873	45.9387
16.0387	44.704
15.828	44.5867
15.628	44.584
15.4227	44.6987
15.2547	44.8907
15.0887	45.1733
14.8947	45.7573
14.6867	46.4267
14.4473	47.04
14.2233	47.3547
14.0553	47.408
13.924	47.52
13.7947	47.6293
13.6853	48.0133
13.592	48.2133
13.5033	48.512
13.4127	48.8187
13.3067	48.9147
13.2267	49.08
13.1633	49.1093
13.12	49.0293
13.09	49.0507
13.0633	49.376
13.0933	51.472
13.128	51.9253
13.1713	54.0427
13.2133	57.4267
13.186	58.512
13.0967	59.7013
13.022	59.5947
12.9233	59.9707
12.8353	60.9413
12.7113	62.9147
12.584	63.464
12.4753	64.136
12.3727	64.952
12.234	65.48
12.0127	66.672
11.828	67.048
11.6573	67.2347
11.464	67.9973
11.3153	68.2133
11.2207	68.2267
11.098	68.2693
10.9453	69.1387
10.7567	70.8613
10.6333	70.6773
10.5313	69.888
10.4567	68.8187
10.4333	69.6
10.4233	70.3493
10.42	70.3227
10.4233	69.3173
10.4367	69.3173
10.4813	68.2107
10.5733	67.552
10.6033	67.8533
10.6807	67.56
10.744	66.632
10.8427	65.7147
10.9853	65.0667
11.1527	65.6827
11.352	67.504
11.4947	66.8
11.5733	67.664
11.6133	69.0747
11.5933	71.8507
11.5567	72.512
11.4967	74.8933
11.5193	74.368
11.614	71.8987
11.7267	71.8347
11.7467	72.2987
11.7333	73.2613
11.7193	75.4587
11.604	74.1307
11.4713	75.9147
11.3953	76.3627
11.422	76.4293
11.3927	76.632
11.3293	78.0693
11.2527	77.6827
11.1667	78.1227
11.1467	77.7547
11.1567	77.336
11.0967	76.4693
11.066	75.6053
11.0653	76.2133
11.054	76.488
11.042	75.8293
11.0107	76.9227
11	76.8533
10.9933	76.7573
10.892	77.456
10.8	76.936
10.73	76.672
10.63	77.296
10.5267	78.7387
10.3927	80.184
10.332	79.8347
10.244	79.648
10.188	78.408
10.1667	78.7733
10.0647	80.064
10.0987	77.448
10.144	77.968
10.1827	78.216
10.2513	77.2587
10.2767	78.7147
10.2833	78.3547
10.2833	81.0613
10.2187	83.1413
10.2367	83.8053
10.258	83.7813
10.2867	83.2827
10.2767	81.872
10.2807	82.08
10.332	81.7467
10.3213	83.4027
10.3073	83.4347
10.3927	83.5893
10.5267	80.4667
10.62	80.616
10.6707	81.2427
10.77	80.4107
10.8433	80.9973
10.894	80.592
10.9167	80.6427
10.9133	81.5707
10.8627	82.192
10.7767	82.544
10.7933	82.3627
10.844	81.9253
10.9053	81.8187
10.93	81.5867
10.9633	82.3307
10.94	82.4587
10.836	82.3573
10.668	82.24
10.5867	82.8747
10.5767	83.6213
10.5313	83.04
10.4533	83.4347
10.3227	83.5253
10.2433	83.3813
10.2093	83.328
10.152	83.1787
10.1493	82.4853
10.136	82.208
10.128	81.536
10.1493	80.8693
10.1567	80.2427
10.246	80.1493
10.4933	78.2347
10.9173	76.688
11.268	75.6533
11.6253	75.1787
11.9887	74.7333
12.3453	74.1493
12.732	73.384
13.098	72.912
13.5493	72.3653
14.066	72.1013
14.5387	71.1413
14.9273	70.3333
15.2093	70.4907
15.542	70.216
15.8073	69.8773
16.0647	69.336
16.3113	68.9173
16.566	68.72
16.8107	68.2933
17.122	67.9787
17.4013	67.368
17.5967	66.7573
17.7133	66.2027
17.792	65.8987
17.7367	65.248
17.6733	65.2533
17.586	65.4427
17.416	65.656
17.184	66.264
16.9753	66.6373
16.728	66.9493
16.518	67.1253
16.3367	67.048
16.1513	67.368
15.9613	67.536
15.796	67.6907
15.6313	68.008
15.4573	68.7307
15.3333	69.2827
15.1667	70.0293
15.0233	70.3147
14.878	70.2453
14.748	70.464
14.604	70.536
14.462	70.808
14.2833	71.0907
14.0853	71.1547
13.92	70.9173
13.792	71.1067
13.6633	71.3653
13.5367	71.2267
13.368	70.1733
13.152	68.5253
12.9273	67.68
12.696	67.1653
12.4913	66.9973
12.3153	67.016
12.1487	66.4853
12.0067	66.2267
11.8573	65.8187
11.7293	65.4987
11.6067	65.2667
11.516	64.9093
11.4167	64.712
11.3233	64.7627
11.252	64.7253
11.138	64.072
11.0227	63.9387
10.9367	63.6
10.8247	63.488
10.714	63.4267
10.6267	63.528
10.548	63.6773
10.4533	63.5627
10.3627	63.5547
10.2433	63.352
10.1113	63.5227
10.0053	63.7573
9.9	63.768
9.82	63.8853
9.72267	63.9227
9.626	63.96
9.49333	64.064
9.38667	64.0933
9.30667	63.9813
9.24267	64.0133
9.22333	64.208
9.27333	64.1813
9.37667	63.8107
9.53	63.5387
9.74333	62.9573
9.99467	62.4107
10.314	61.952
10.6873	61.488
11.106	61.0347
11.4973	60.6907
11.9467	60.3893
12.466	60.2347
12.974	59.9653
13.498	59.2053
14.0307	58.3707
14.542	57.4693
15.0487	56.3653
15.4927	55.6133
15.9693	54.824
16.3547	55.0293
16.5893	55.384
16.8667	55.2133
17.124	55.24
17.686	53.2427
17.7473	53.5867
17.9833	54.008
18.2267	53.768
18.4747	52.768
18.7253	52.264
18.9593	51.6373
19.1147	51.4213
19.3	50.68
19.444	49.464
19.4587	48.3067
19.4053	46.856
19.2973	45.912
19.144	45.1467
19.3073	41.2667
19.034	47.448
18.6013	50.832
18.2233	49.9627
17.8393	47.9307
17.5413	50.6347
17.38	52.9227
17.2087	54.8853
17.0447	55.9013
16.8767	56.8613
16.688	57.952
16.4927	58.6133
16.28	59.6907
16.1027	60.1413
15.95	60.584
15.7533	61.2827
15.58	61.0187
15.3973	59.744
15.2293	59.4507
15.0167	59.08
14.8367	58.632
14.6527	58.0107
14.4827	57.9173
14.312	57.8587
14.1233	57.688
13.942	57.7973
13.7627	58.6347
13.618	59.5467
13.476	60.3253
13.34	60.7547
13.2133	61.3707
13.0907	62.3227
12.9607	62.72
12.8107	63.0827
12.69	62.6267
12.5407	62.6187
12.3867	62.6853
12.2447	62.352
12.1133	62.0053
11.9807	61.96
11.8607	61.936
11.718	61.904
11.59	62.032
11.4713	62.0613
11.3627	62.1653
11.2193	62.4693
11.106	62.4773
11.016	62.7467
10.9633	63.3573
10.886	63.272
10.8067	62.8827
10.6967	63.5653
10.6067	63.6187
10.5633	63.832
10.4827	63.896
10.4133	63.6347
10.348	63.9547
10.2773	63.9333
10.238	64.6213
10.216	64.3973
10.254	64.1813
10.354	63.848
10.5533	63
10.786	61.9093
11.0813	61.1627
11.4247	60.7573
11.8167	60.5893
12.2353	60.5333
12.5967	60.6027
12.9733	60.688
13.422	60.9813
13.9173	60.7813
14.436	60.792
14.96	60.5093
15.4513	59.712
15.8667	58.9787
16.2513	58.512
16.6393	58.24
17.006	57.7467
17.328	57.2613
17.6527	56.9227
18.0187	56.624
18.398	56.5307
18.768	56.5893
19.0667	57.088
19.186	57.2533
19.378	57.4533
19.642	57.208
19.938	56.7973
20.0167	56.6693
20.154	57.08
20.3333	56.936
20.3873	56.848
20.3113	57.0827
20.186	57.4373
19.9567	58.104
19.7467	58.8267
19.4633	59.6
19.2573	60.568
19.042	61.3573
18.8587	61.6987
18.62	62.8427
18.3827	64.3387
18.166	65.4107
17.98	65.8347
17.8167	66.2533
17.6247	65.9333
17.3913	65.5493
17.2113	65.9093
17.018	66.704
16.8673	67.36
16.7107	68.2693
16.5567	68.7227
16.3973	68.9413
16.242	69.264
16.108	69.4853
16	69.7573
15.8847	70.3253
15.7813	70.632
15.6747	70.592
15.5433	70.5147
15.4007	70.288
15.2513	69.1333
15.07	68.864
14.9207	69.2747
14.7887	69.1253
14.6607	68.592
14.4713	68.296
14.3293	68.7893
14.2067	69.5627
14.108	69.664
13.9953	69.824
13.8813	69.9307
13.7087	70.0693
13.5353	69.8533
13.3427	69.9973
13.2053	70.0827
13.07	69.896
12.952	69.44
12.836	69.2293
12.712	69.4027
12.584	69.1707
12.4647	68.7733
12.34	68.7867
12.1733	68.992
12.0573	69.2667
11.97	69.6133
11.8767	69.6853
11.76	69.5467
11.6507	68.592
11.524	68.1893
11.4447	68.5173
11.3547	68.5893
11.27	68.3653
11.19	68.2853
11.1233	68.44
11.1167	68.5013
11.1833	68.2987
11.3327	68.0907
11.5187	67.0907
11.764	65.824
12.1273	65.0747
12.5267	64.9493
12.9487	64.904
13.4147	64.8053
13.8907	64.4987
14.312	64.0773
14.7493	63.6613
15.17	63.144
15.568	62.6907
16.002	62.1147
16.3973	61.8907
16.828	61.464
17.2213	60.936
17.6093	60.2933
17.9693	59.408
18.2487	58.6533
18.3767	57.5333
18.3233	56.6507
18.3733	57.552
18.658	55.704
18.8773	53.8
19.1333	53.5253
19.194	49.832
18.934	49.8827
18.784	50.6453
18.6533	50.5093
18.574	50.816
18.5953	51.408
18.7773	51.9307
18.8633	52.096
18.7627	51.88
18.6293	51.8587
18.53	52.1253
18.4587	52.3253
18.352	52.792
18.2573	52.7733
18.1253	52.5307
17.984	53.4747
17.846	53.832
17.7133	55.4053
17.5607	56.936
17.4433	57.8187
17.2827	58.2
17.1333	59
16.9807	60.1867
16.842	60.76
16.7133	61.1093
16.578	61.6187
16.4253	62.2533
16.238	62.4747
16.1093	62.264
15.972	62.112
15.822	61.984
15.6853	62.1013
15.5353	62.272
15.39	62.432
15.248	61.9627
15.0767	61.408
14.874	61.112
14.7447	61.176
14.6433	62.1787
14.5327	62.0667
14.3327	62.5813
14.0913	63.152
13.9453	63.216
13.7813	62.856
13.6193	62.72
13.47	62.656
13.3513	62.624
13.2233	62.6347
13.056	62.68
12.91	63.104
12.806	62.888
12.6933	62.8853
12.586	63.1547
12.4353	63.0667
12.3167	63.3467
12.2313	63.5093
12.1133	63.624
12.0053	63.5493
11.8887	63.6267
11.7887	63.688
11.6793	63.9467
11.63	64.024
11.5527	63.944
11.454	63.9333
11.3867	63.8213
11.286	63.568
11.202	63.6693
11.1133	63.8347
11.07	63.8347
11.1133	63.6747
11.23	63.6267
11.41	62.768
11.6513	61.632
11.9873	60.8853
12.3907	60.6107
12.8353	60.816
13.328	60.832
13.8167	60.9093
14.322	61
14.8433	60.632
15.344	60.4027
15.8113	59.872
16.28	59.4107
16.7313	58.8587
17.2267	58.272
17.7033	57.912
18.1967	57.3227
18.6027	56.432
18.934	55.6507
19.2733	55.008
19.59	54.3813
19.9193	53.1067
20.218	52.5387
20.5507	52.0027
20.92	51.6213
21.2613	51.0587
21.5413	50.24
21.7827	49.904
22.0053	49.3733
22.1587	48.2373
22.232	47.424
22.2053	46.9947
22.212	47.9253
22.1333	47.5307
21.896	46.9653
21.5947	46.8293
21.22	47.2053
20.896	47.5227
20.5813	47.6453
20.2467	48.2347
19.9193	48.7147
19.6307	49.24
19.3953	49.68
19.1293	49.832
18.8733	51.6507
18.6447	53.7253
18.3707	54.84
18.1453	56
17.914	57.2213
17.7	58.1867
17.4927	59.0987
17.2827	59.5707
17.1027	59.8213
16.8927	60.5067
16.6993	60.968
16.5067	60.88
16.294	61.296
16.1053	62.0373
15.9767	61.752
15.8047	61.4613
15.5867	60.9813
15.362	60.512
15.1233	59.8373
14.91	59.3493
14.732	59.7387
14.5273	59.4347
14.3653	59.9093
14.1973	59.888
14.01	59.1147
13.8113	57.736
13.6393	57.528
13.4513	57.7467
13.2973	57.9467
13.1373	57.8773
12.96	57.8133
12.7933	57.8267
12.6253	57.6747
12.4687	57.5413
12.3513	57.2213
12.2527	56.1947
12.1333	55.5493
12.042	55.1573
11.96	55.2053
11.85	55.288
11.74	55.3067
11.636	55.4907
11.5153	55.4853
11.4287	55.44
11.324	55.4187
11.242	55.408
11.0633	56.432
10.8673	56.7227
10.7287	56.9653
10.6333	57.4827
10.6433	57.264
10.696	57.448
10.8647	56.824
11.0873	56.1893
11.43	55.496
11.8627	55.3653
12.3153	55.7467
12.7853	55.944
13.2667	56.1253
13.7567	56.1067
14.312	55.6853
14.8027	54.9973
15.3267	54.3413
15.8347	53.7653
16.3433	53.2853
16.8607	52.6373
17.3333	52.2507
17.8073	51.9333
18.232	51.544
18.67	50.9493
19.1053	50.5973
19.4993	50.504
19.9227	49.9253
20.38	49.4933
20.8053	48.9867
21.1907	48.592
21.564	48.2507
21.9093	47.7893
22.2493	46.9707
22.596	46.52
22.9147	45.56
23.048	45.432
23.176	44.9867
23.256	44.176
23.1787	43.2773
23.0067	42.1413
22.832	42.456
22.588	41.8267
22.22	42.2773
21.7907	43.2507
21.468	44.968
21.1187	46.1333
20.828	48.7947
20.5747	51.2773
20.3393	52.7387
20.1373	53.6
19.9153	54.4667
19.6753	55.1467
19.4427	56.2933
19.1967	57.2907
18.984	57.8933
18.76	58.3227
18.5293	58.6213
18.306	58.9333
18.09	59.176
17.8693	59.576
17.66	60
17.4333	60.3573
17.248	60.704
17.066	61.0267
16.888	61.0933
16.7307	61.2533
16.5673	61.6613
16.3973	61.8453
16.1967	61.544
16.0127	61.4533
15.836	61.5387
15.666	61.6053
15.4927	61.7573
15.3547	61.4907
15.2013	61.4747
15.0387	61.2373
14.88	61.0773
14.7313	60.8747
14.5607	60.8347
14.358	60.96
14.1847	60.8587
14.0347	60.7147
13.91	60.8293
13.7967	60.5387
13.6407	60.496
13.5033	60.432
13.3907	60.3253
13.2767	60.216
13.1447	60.192
13.0093	60.2853
12.8993	60.2587
12.7953	60.2187
12.6793	60.2933
12.5767	60.232
12.4733	60.3627
12.382	60.384
12.256	60.4213
12.1433	60.3787
12.076	60.3547
11.9933	60.4053
11.96	60.4053
11.9667	60.4347
12.052	60.5787
12.1593	60.392
12.408	59.0667
12.8507	57.9627
13.236	57.688
13.7007	57.9333
14.1867	57.632
14.7087	57.04
15.2087	56.2933
15.7507	55.72
16.276	54.808
16.7673	54.056
17.316	53.2133
17.756	52.5147
18.1367	52.3467
18.4673	52.1333
18.8313	51.6827
19.212	51.1387
19.5607	50.5387
19.894	50.4293
20.1793	50.104
20.4413	49.8267
20.62	49.0773
20.824	49.0933
21.0227	48.3333
21.2227	48.352
21.4627	48.1653
21.656	48.2507
21.832	48.3573
21.9693	47.4987
22.0213	47.3893
22.0027	47.7013
21.904	48.2053
21.8493	48.144
21.6547	48.5813
21.3973	49.6133
21.0667	50.112
20.7693	50.5547
20.4487	50.8347
20.1433	51.6587
19.852	52.12
19.588	52.872
19.3907	53.416
19.1973	53.784
18.9413	54.104
18.732	55.464
18.5253	57.144
18.2847	58.3467
18.1053	58.848
17.8773	59.3973
17.678	59.5387
17.5213	59.5173
17.3213	60.6213
17.1453	61.512
16.9813	62.0133
16.828	61.8507
16.6707	61.344
16.5413	61.0827
16.3867	60.9893
16.2407	60.7013
16.0807	61.2933
15.9347	61.7333
15.7887	60.928
15.6247	60.5627
15.454	60.6773
15.316	60.464
15.1733	60.3413
15.0313	60.1787
14.886	60.3013
14.7507	60.1547
14.6427	59.9413
14.4607	60.168
14.3293	60.1467
14.2333	59.7627
14.0773	59.712
13.938	59.8987
13.8033	60.152
13.7047	60.3307
13.5913	60.5067
13.4893	60.6293
13.358	60.776
13.2533	61.0213
13.1967	61.3733
13.122	61.0933
13.0467	60.9787
12.9573	60.896
12.858	60.424
12.7767	60.0293
12.684	59.896
12.6267	59.8
12.5393	59.7493
12.438	59.7867
12.354	59.6213
12.31	59.4773
12.29	59.2613
12.366	58.9307
12.4867	58.656
12.6813	58.2373
12.9033	57.5467
13.256	57
13.6387	56.9467
14.0593	56.904
14.532	56.8373
15.0313	56.4027
15.524	55.952
16.0493	54.8187
16.5493	53.712
17.024	52.9253
17.452	52.0613
17.874	51.3973
18.256	50.6853
18.712	49.9253
19.1333	49
19.482	48.5893
19.7773	47.9973
20.1333	47.5947
20.436	46.96
20.7227	46.7893
21.0653	46.0453
21.3573	45.144
21.5947	44.3973
21.8453	44.232
22.2013	44.248
22.4387	42.6853
22.6973	42.7067
22.9133	42.5067
23.076	41.728
23.1	39.8867
23.056	39.6787
22.9693	38.728
22.796	38.1493
22.568	38.292
22.2493	38.4067
21.904	38.7827
21.572	39.216
21.24	39.7853
20.9773	40.5587
20.696	40.7987
20.4373	41.736
20.2153	43.4693
20.0133	45.3787
19.7807	48.352
19.5553	50.488
19.3647	52.624
19.1393	53.92
18.8913	55.288
18.7073	56.1147
18.496	56.824
18.278	57.768
18.0987	58.4667
17.9373	58.9227
17.7713	59.4533
17.5993	59.9627
17.4293	59.5333
17.206	57.4133
16.944	55.712
16.6713	54.2987
16.362	54.0453
16.106	53.2507
15.93	52.4107
15.75	51.5253
15.5787	51.3013
15.386	50.848
15.176	50.5573
15.0247	50.248
14.8427	50.8693
14.6353	51.3333
14.4933	51.344
14.3553	51.2667
14.2007	51.2907
14.0567	51.4827
13.9173	51.2507
13.7647	51.568
13.6273	51.4853
13.512	51.4853
13.3873	51.5947
13.27	51.7067
13.1847	51.8773
13.0593	52.1387
12.9447	52.0747
12.8167	52.1387
12.7333	52.16
12.6947	52.072
12.6133	52.1307
12.582	51.88
12.5027	51.8
12.352	52.4213
12.162	53.08
12.0307	53.24
11.9867	53.224
12.014	53.008
12.0747	53.12
12.216	52.8373
12.4213	52.472
12.698	51.8373
13.08	51.088
13.498	50.6267
13.9673	50.424
14.4753	49.9093
14.9893	49.24
15.4187	48.352
15.868	47.872
16.3873	47.4
16.9673	46.816
17.494	46.0693
18.066	44.9653
18.6827	44.9413
19.208	44.5573
19.654	44.088
20.0633	43.584
20.4687	43.2267
20.848	43.1093
21.2573	42.3013
21.6627	42.0187
21.9707	40.7907
22.38	40.7373
22.8227	39.5907
23.1773	39.1173
23.5693	38.5293
23.828	37.9133
24.0907	37.772
24.36	37.536
24.58	36.6147
24.6467	36.092
24.712	35.4573
24.6587	34.3933
24.508	33.4467
24.2373	32.3093
23.8267	31.104
23.3893	31.2613
23.0053	31.3973
22.7	31.4347
22.3987	31.984
22.1107	33.012
21.848	33.72
21.556	35.868
21.2853	37.7987
20.972	40.3587
20.664	42.3147
20.3993	43.416
20.1467	44.04
19.8973	44.9147
19.6527	45.3573
19.4153	45.7067
19.186	45.4667
18.9307	44.8373
18.6193	43.2267
18.318	41.6267
18.0187	41.816
17.7347	41.5253
17.448	40.8093
17.1753	40.5
16.9267	39.7133
16.66	39.4307
16.444	39.5587
16.182	40.1533
15.9493	41.0853
15.742	41.48
15.5887	40.9973
15.454	40.5773
15.3367	40.0093
15.24	39.8413
15.1193	39.7507
15.0067	39.56
14.8467	40.0253
14.7233	40.0653
14.6247	39.9693
14.526	40.0253
14.42	40.176
14.3233	40.1427
14.2333	40.2333
14.0873	40.604
13.8993	41.6347
13.7253	42.096
13.574	42.3627
13.4567	42.3013
13.348	42.2347
13.25	42.2587
13.1513	42.2133
13.042	42.9467
12.892	43.7893
12.7327	44.5893
12.6113	45.3013
12.4827	45.4453
12.38	45.7867
12.2667	46.24
12.2767	45.9227
12.3833	45.472
12.5627	44.968
12.8427	44.08
13.2287	43.616
13.7113	43.528
14.244	43.9973
14.8547	43.8507
15.5147	43.3707
16.2293	42.6187
17.0047	41.9707
17.812	41.1653
18.6393	40.5707
19.4273	40.3173
20.1127	39.5093
20.7733	38.3933
21.4267	37.228
22.0747	36.7307
22.7133	36.2987
23.348	35.3107
23.9427	34.8067
24.4907	34.464
25.0467	33.9347
25.5333	33.5413
26.024	33.0533
26.548	32.78
27.076	32.0707
27.576	31.4453
27.9827	31.2787
28.324	31.312
28.6653	31.1507
28.936	31.0947
29.128	30.68
29.156	29.7387
29.124	29.508
28.9947	29.1347
28.8427	28.108
28.58	26.408
28.192	26.1747
27.7693	25.5173
27.3813	25.784
26.9933	25.984
26.6387	26.4973
26.3027	27.0773
25.9133	27.7587
25.5333	28.26
25.164	28.3813
24.816	28.3707
24.4427	28.4253
24.0693	28.9533
23.716	29.0027
23.4213	29.2493
23.1293	30.6427
22.848	31.1933
22.5427	31.6333
22.2693	31.8773
21.9907	32.6133
21.7507	33.2547
21.4787	33.6027
21.2187	33.5493
20.9587	33.7533
20.688	33.884
20.454	34.6653
20.2007	35.1987
19.9473	35.556
19.7567	35.5667
19.544	36.1333
19.3247	36.2187
19.1187	36.5773
18.8967	36.9747
18.666	37.408
18.4427	37.544
18.2553	37.8173
18.0553	37.82
17.8667	38.2147
17.6107	38.6
17.4287	39.2067
17.2487	39.3587
17.0773	39.3947
16.966	38.7893
16.88	38.4107
16.7873	38.5307
16.632	38.912
16.5	39.3627
16.34	39.9493
16.1653	40.1267
15.9867	40.572
15.8407	40.7053
15.7133	41.6107
15.564	41.76
15.4713	41.1627
15.3867	40.9187
15.312	40.8387
15.2467	40.5027
15.1933	40.3747
15.1793	40.324
15.19	40.9
15.284	40.5973
15.4373	40.1653
15.7033	39.2213
16.026	38.6587
16.3293	38.444
16.6507	38.1693
17.1553	38.1493
17.7287	38.724
18.236	38.7853
18.7393	38.676
19.276	38.4733
19.816	38.0707
20.376	37.5387
20.8707	36.96
21.3227	36.6867
21.8373	36.2547
22.3187	35.9093
22.8173	35.6787
23.3653	34.8133
23.9013	34.2093
24.232	33.5853
24.3547	33.596
24.204	34.8453
24.1747	35.0507
24.164	34.896
24.068	34.5467
23.9333	34.4387
23.7027	35.484
23.464	37.416
23.3107	38.8747
23.236	39.764
23.1013	40.62
22.9627	40.0693
22.8653	37.776
22.7573	37.5987
22.652	39.604
22.536	39.8213
22.3853	40.0787
22.2547	40.72
22.1067	40.9187
21.952	40.06
21.78	39.5973
21.6507	40.3653
21.5307	40.528
21.3787	41.1027
21.22	41.4667
21.0013	41.984
20.8227	42.3173
20.6387	42.448
20.4533	42.9227
20.2507	43.4933
20.028	43.8773
19.8233	44.08
19.6273	44.5307
19.452	45.184
19.2647	46.1787
19.09	46.7467
18.9027	46.7227
18.6867	46.6027
18.4707	45.928
18.2487	44.5947
18.0333	44.144
17.778	44.2027
17.532	44.7787
17.3247	43.9573
17.1193	44.4133
16.8487	45.7093
16.522	46.464
16.2933	46.2027
16.1753	45.7893
16.0633	45.44
15.9393	46.2693
15.7533	45.1253
15.5247	45.232
15.2333	46.3013
14.9847	47.176
14.816	47.232
14.7493	46.3973
14.7033	46.4667
14.5767	47.3253
14.4067	47.4453
14.3053	47.2827
14.17	47.3387
14.0867	47.1733
14.0113	47.368
13.9533	46.976
13.7927	48.3573
13.5907	48.904
13.506	48.5387
13.4333	48.6133
13.3493	48.784
13.28	48.6107
13.2167	48.584
13.144	49.1387
13.11	49.232
13.1813	48.76
13.322	47.848
13.4867	48.256
13.7147	47.472
14.024	46.6507
14.386	45.7707
14.7747	45.08
15.2407	44.6773
15.792	44.5067
16.3973	44.16
16.9773	43.7787
17.5573	44.0773
18.0627	44.2907
18.4133	44.3653
18.8693	44.568
19.3433	44.4933
19.744	44.0613
20.1767	43.904
20.668	44.3173
21.1733	45.216
21.5867	45.592
21.9347	45.5173
22.2227	45.1253
22.5587	45.272
22.7933	44.744
23.1293	43.7627
23.5333	43.2747
23.748	42.3893
23.9747	42
24.0667	41.8347
24.268	41.768
24.3893	41.72
24.4107	42.0107
24.3307	43.1467
24.1667	44.0107
23.98	44.3147
23.7227	44.9173
23.3533	46.7627
22.936	48.3067
22.6347	49.3227
22.384	49.0107
22.1213	49.1547
21.8907	49.7787
21.708	50.456
21.54	50.592
21.312	49.0933
21.0707	49.4107
20.8013	52.144
20.6013	54.816
20.4033	56.688
20.204	59.2293
20.0207	60.8187
19.8407	61.7067
19.656	62.032
19.4867	62.416
19.328	63.1467
19.1467	64.184
18.9867	63.8373
18.7807	64.0693
18.624	64.3227
18.4393	64.7573
18.2873	65.7093
18.188	65.6293
18.0933	65.3707
18.0033	66.0853
17.8933	67.0747
17.766	66.3093
17.6287	66.5227
17.476	66.9307
17.34	66.896
17.1853	66.6053
17.0873	66.8773
16.9593	66.576
16.8247	66.3333
16.7273	66.4853
16.6353	66.5867
16.53	66.5947
16.488	66.424
16.448	66.624
16.46	66.992
16.4407	67.5253
16.4167	68.216
16.4407	67.968
16.456	67.9947
16.4453	68.4773
16.4367	68.2507
16.4367	68.0427
16.4267	68.1493
16.4167	67.792
16.4067	68.0853
16.346	68.672
16.2573	68.7733
16.1847	68.7387
16.0907	68.7973
16.0633	68.72
16.0207	68.68
16.004	68.088
16.0173	68.024
16.0567	68.5307
16.1827	67.744
16.4513	66.1547
16.6127	66.0133
16.72	65.2613
16.8947	64.4987
17.172	63.0213
17.4087	62.6107
17.6913	61.8747
17.9693	61.552
18.58	60.9627
19.8327	59.192
20.028	59.0693
20.796	55.896
21.1053	54.3333
20.764	56.4027
22.2307	52.304
23.8293	47.5627
22.86	51.6187
22.5467	51.944
21.8333	54.896
21.884	54.8507
22.208	53.992
21.8973	55.2373
21.644	56.7173
21.5107	57.3947
21.3813	57.904
20.9853	59.0373
20.876	59.4827
20.984	59.2027
20.9933	58.9227
20.8787	59.4693
20.6387	60.3653
20.7	60.2427
20.588	59.8587
20.548	59.2347
20.3773	59.5467
20.35	60.416
20.2753	60.4613
20.1933	60.84
20.0507	61.2533
19.9133	61.92
19.7673	62.6373
19.632	63.5307
19.4727	64.5013
19.35	65.504
19.272	65.912
19.1693	66.12
19.074	66.4613
18.978	66.2427
18.89	66.0587
18.8267	65.9227
18.7333	66.3067
18.6633	66.7813
18.5787	67.272
18.48	67.648
18.3827	67.8613
18.2987	67.7387
18.206	68.0293
18.1727	68.304
18.15	68.3227
18.132	68.4
18.088	68.6613
18.0567	69.2133
18.0433	69.5093
17.99	69.9573
17.934	69.7307
17.7913	69.4267
17.6387	69.528
17.5127	69.2453
17.39	69.5147
17.2667	69.4533
17.142	69.5253
17.0247	70.0853
16.922	69.8987
16.796	69.984
16.668	69.864
16.5433	70.1867
16.4213	70.76
16.3393	70.8187
16.2887	70.7307
16.2333	70.632
16.1807	70.568
16.14	70.5867
16.0867	70.3733
16.0367	70.0533
16.0233	70.016
16.01	70.0853
15.9887	70.1733
15.988	70.2453
15.98	70.5307
15.9853	70.6693
15.996	70.496
16.0367	70.336
16.0933	70.784
16.1553	70.5653
16.258	70.1573
16.4107	69.024
16.5633	68.6533
16.7487	67.8533
16.9473	67.2907
17.1387	67.336
17.3593	66.608
17.5647	66.3947
17.7567	66.2667
18.058	65.72
18.3627	65.0587
18.638	64.6187
19.034	64.0373
19.43	63.3547
19.9153	62.8267
20.3907	61.7973
20.584	61.7733
21.064	60.8853
21.42	60.296
21.4547	60.672
21.5053	60.792
21.7507	60.5493
21.7933	59.8267
21.6413	59.648
21.6547	60.432
21.7773	61.032
22.132	60.672
22.5307	59.4
22.3107	58.96
21.9613	59.7413
21.704	60.7893
21.3747	63.7707
21.0453	65.5467
20.788	66.5333
20.6413	67.136
20.5987	67.4933
20.62	67.2267
20.628	66.2933
20.636	64.8533
20.524	64.392
20.4107	65.3707
20.254	66.1227
19.9887	67.2507
19.8507	67.208
19.7167	67.84
19.578	68.4907
19.3593	69.0187
19.0807	69.8373
18.82	70.544
18.6133	71.1867
18.4327	71.8107
18.2633	72.32
18.1047	72.496
18.02	72.6133
18.0033	71.2907
17.9187	70.664
17.8213	70.5147
17.6927	70.8747
17.584	71.08
17.502	71.096
17.4207	69.6
17.3133	68.6667
17.2133	68.4747
17.1667	68.3573
17.1073	68.6267
17.042	68.968
16.9413	69.168
16.84	69.6373
16.7727	69.7893
16.72	69.728
16.69	69.7547
16.656	70.088
16.624	70.1227
16.6087	70.3813
16.5833	70.5253
16.5433	70.8347
16.5093	71.2267
16.4447	71.9707
16.4067	72.7893
16.3667	72.4613
16.332	72.6533
16.2733	72.744
16.23	72.512
16.182	72.6453
16.164	72.7067
16.1247	72.576
16.1	72.2587
16.114	72.2693
16.1033	72.488
16.08	72.6
16.06	73.0693
16.07	73.0773
16.1033	73.1173
16.0967	72.9707
16.1207	72.96
16.164	72.6933
16.2333	72.3493
16.2967	73.056
16.3833	71.7333
16.494	71.6853
16.65	70.8053
16.774	70.1733
16.962	69.7893
17.1393	69.5627
17.3347	69.2107
17.516	69.0053
17.594	69.088
17.6633	69.2053
17.6833	69.2827
17.772	68.9547
18.0247	68.488
18.1573	67.6827
18.4247	67.304
18.7613	66.8587
19.098	66.0187
19.4907	64.8213
19.8553	64.1947
20.2013	63.48
20.4607	62.776
20.7307	62.144
20.792	61.3173
20.54	61.8427
20.6293	62.6613
20.888	62.3387
20.8853	61.8693
20.648	62.336
20.46	62.3547
20.2087	62.5893
19.9327	63.184
19.6707	66.9573
19.3633	69.4827
19.0593	70.7707
18.8267	71.6907
18.6347	72.336
18.426	72.8427
18.254	73.4907
18.076	73.9067
17.87	74.592
17.6813	74.816
17.5147	75.3707
17.38	75.6613
17.2433	76.432
17.1467	76.736
17.0207	76.9733
16.922	76.9467
16.8253	76.7067
16.7133	76.808
16.6587	76.7973
16.624	77.2693
16.5467	77.12
16.484	77.3307
16.4273	77.76
16.39	77.5813
16.36	77.5067
16.2847	78.192
16.2567	78.0133
16.23	77.7653
16.2267	77.704
16.2033	77.696
16.1867	77.7947
16.172	77.6373
16.152	77.6907
16.144	77.9147
16.124	78.312
16.1133	78.3333
16.1167	78.376
16.1133	78.0747
16.124	78.0987
16.124	78.1707
16.114	78.408
16.1	78.48
16.0933	78.8427
16.0733	78.8853
16.06	78.9467
16.04	78.968
16.004	79.0747
15.9693	79.2587
15.8887	79.2667
15.8427	79.432
15.7953	79.4667
15.7567	79.5547
15.71	79.608
15.69	79.6933
15.6473	79.6987
15.5867	79.592
15.5567	79.6507
15.5093	79.5973
15.464	79.5067
15.46	79.7013
15.4167	79.48
15.39	79.4533
15.3567	79.4907
15.292	79.7253
15.296	79.5093
15.3733	79.0053
15.5787	78.9067
15.8973	76.3547
16.2447	74.7413
16.6067	73.6267
16.9927	72.7973
17.356	71.9893
17.6847	71.2587
18.02	70.648
18.3393	69.9333
18.5713	69.624
18.732	69.52
19.0907	68.9893
19.556	68.04
19.9407	66.7653
20.2227	66.6587
20.4467	66.2
20.636	65.4853
20.7467	64.7893
20.8253	64.024
21.0053	63.9707
21.116	62.1413
20.9947	62.024
20.728	62.568
20.5427	64.0933
20.5133	64.8053
20.3473	65.352
20.2953	65.3173
20.2173	64.984
20.436	64.2853
20.612	62.6907
20.668	60.8
20.6813	60.6107
20.528	60.704
20.2887	62.592
20.094	64.608
19.8853	65.5973
19.706	66.272
19.5387	66.888
19.41	67.1813
19.2647	67.2747
19.0867	67.792
18.87	68.2347
18.648	68.5573
18.468	68.7547
18.2407	68.7973
18.038	69.28
17.884	70.4293
17.7373	70.8747
17.614	71.144
17.5047	71.3493
17.4033	71.36
17.228	68.3467
16.8447	70.536
16.4147	71.6987
16.0533	73.3467
15.804	74
15.5747	74.3333
15.3753	75.1253
15.22	75.384
15.07	74.9147
14.962	75.2427
14.8967	75.5733
14.8213	76.088
14.7733	76.272
14.7367	76.6
14.72	76.7627
14.68	76.8667
14.648	76.8907
14.5833	77.2587
14.516	77.376
14.46	77.4907
14.3833	77.544
14.3193	77.6427
14.23	77.776
14.148	77.8987
14.06	77.9627
13.9993	77.9173
13.9233	77.864
13.87	77.9253
13.794	78.4107
13.7533	78.9493
13.684	78.8507
13.582	78.7093
13.4973	78.7013
13.402	78.6987
13.332	78.6533
13.2833	78.568
13.2467	78.76
13.166	78.7893
13.0967	78.944
13.0867	78.544
13.1407	78.0933
13.2267	77.6667
13.2467	77.6853
13.2667	77.6907
13.2233	76.8187
13.14	76.464
13.0767	75.8747
13.0073	75.0267
12.9133	75.5867
12.9	76.1387
12.87	75.936
12.9107	75.3387
13.1967	74.816
13.578	73.1813
13.788	72.192
13.7393	71.6853
13.7853	70.4933
14.3047	69.792
14.892	68.136
15.45	66.0027
15.9427	64.8213
16.4213	63.472
16.9267	62.2507
17.3073	59.8693
17.686	59.5253
18.214	59.136
18.7373	57.8133
19.1727	56.2667
19.5127	54.9573
20.2693	52.1467
20.6187	50.7973
20.3873	47.7533
20.432	49.7067
20.5187	49.952
20.6093	48.9627
20.5773	48.1413
20.4933	46.0373
20.2573	44.5733
19.8833	42.44
19.5407	42.7707
19.3033	42.3627
19.0593	42.504
18.8367	42.3173
18.62	41.844
18.4007	42.024
18.208	42.6533
18.0193	43.12
17.8347	43.2507
17.6247	43.2613
17.398	43.3893
17.1853	43.5547
16.9713	43.7653
16.746	43.7627
16.4927	44.248
16.2907	44.624
16.1233	45.0587
15.9613	45.2427
15.7913	45.456
15.6093	45.744
15.4507	46.3413
15.294	46.8347
15.1387	47.5333
14.94	47.7547
14.7547	48.2053
14.536	48.72
14.344	49.4427
14.1407	49.8747
13.9393	50.136
13.754	50.5627
13.61	50.8827
13.4547	51.2453
13.298	51.7307
13.144	52.4
12.9887	52.768
12.8607	52.9973
12.74	53.4293
12.6467	53.4667
12.5767	53.7387
12.536	53.9307
12.4613	54.6133
12.3653	54.368
12.2387	54.5867
12.1067	54.984
12.0187	55.16
12	55.5067
11.9433	55.1013
11.8867	55.3547
11.832	55.688
11.78	55.9947
11.7267	56.0773
11.68	56.3307
11.6267	56.624
11.6067	56.7227
11.57	56.7467
11.5667	56.5973
11.6033	57.0453
11.7353	57.216
11.95	56.488
12.16	55.728
12.4633	55.048
12.8567	54.4587
13.2833	53.8693
13.7313	53.4
14.1733	52.7307
14.6093	52.3227
14.9967	51.9733
15.3567	51.7067
15.5433	51.5787
15.6273	51.6267
15.8133	51.3653
16.0607	50.6187
16.348	50.072
16.7773	49.2827
17.1807	48.336
17.27	48.0187
17.42	48.4453
17.6047	46.7947
18.0387	46.4827
18.696	45.0293
19.1007	43.7067
19.2347	44.0213
19.5127	44.48
19.796	43.2507
20.0527	43.6987
20.5153	42.848
21.5107	40.4347
21.6133	39.612
21.4507	34.9307
21.652	36.6387
21.828	35.796
21.884	35.8907
21.8813	35.6627
21.608	33.7187
21.1813	33.648
20.7813	34.3813
20.392	34.4147
20.0607	35.096
19.7487	35.3333
19.4753	35.9
19.244	36.68
19.0333	37.4467
18.7787	37.6267
18.454	38.0867
18.1953	38.8187
18.054	39.5933
17.884	40.0547
17.6987	40.4613
17.5253	41.0133
17.3733	41.4747
17.1893	41.7733
17.0187	42.1253
16.852	42.448
16.678	42.8747
16.5393	43.2213
16.3727	43.552
16.212	43.8693
16.074	44.1013
15.9373	44.4213
15.792	45.3787
15.642	45.7867
15.4753	46.5973
15.2933	46.992
15.1193	47.6107
15.0247	48.2667
14.892	48.456
14.7613	48.6987
14.6733	48.8347
14.574	49.3173
14.472	49.0533
14.3627	49.6347
14.2433	49.9867
14.0227	51.3147
13.9033	50.768
13.8333	50.8533
13.6467	52.024
13.5633	52.5813
13.476	52.3733
13.2987	53.0533
13.1307	53.5707
12.9493	54.0827
12.7887	54.3867
12.6573	54.7173
12.5073	55.184
12.38	55.96
12.1733	56.656
12.0967	55.7707
12.0127	55.808
11.8273	56.7333
11.672	56.976
11.5767	56.696
11.478	57.0373
11.5293	55.7893
11.7073	54.5333
11.9473	53.28
12.284	52.12
12.6873	51.2853
13.154	50.672
13.7127	50.336
14.3293	49.736
14.9513	49.3493
15.4507	48.0533
16.0987	46.6133
16.7307	45.0187
17.72	42.7213
18.0107	43.7333
18.2693	43.624
18.6127	43.408
19.0127	43.2107
19.4187	42.8773
19.858	42.432
20.3067	41.9387
20.696	41.096
21.3253	40.624
21.6733	38.924
22.1613	38.0293
22.6547	37.8573
23.1973	39.0387
23.368	38.6827
23.396	39.3747
23.476	38.724
23.544	37.9773
23.8867	38.364
24.004	38.0747
24.1507	38.4827
24.204	38.6453
24.22	38.1813
24.224	37.6173
24.1653	37.8413
23.94	36.484
23.556	37.9853
23.1413	39.1693
22.7307	39.1667
22.388	40.0053
22.0173	39.9707
21.6853	38.5373
21.3613	38.304
21.1307	38.8733
20.904	39.9213
20.6813	41.3907
20.438	41.944
20.194	41.84
19.9367	42.0267
19.7247	43.9333
19.554	44.0693
19.352	44.344
19.1613	45.176
18.9687	45.7493
18.7773	46.0373
18.5747	46.384
18.3633	46.768
18.1553	47.1893
17.9767	47.6667
17.7673	48.0133
17.5687	48.1813
17.36	48.1387
17.168	47.9333
16.994	47.896
16.8193	47.9413
16.666	48.8293
16.5073	49.3493
16.358	49.8053
16.23	50.1813
16.098	50.2773
15.9673	50.304
15.8473	50.3307
15.7033	50.4373
15.5327	51.2107
15.3507	52.4427
15.098	53.9413
14.8613	55.384
14.7233	55.4213
14.6733	55.0347
14.5913	54.3787
14.4647	54.8613
14.3667	55.28
14.226	55.7707
13.8707	57.2773
13.66	57.424
13.5933	57.6
13.5993	58.1813
13.576	58.3307
13.45	58.0293
13.3687	58.6027
13.3167	59.5147
13.2633	59.5893
13.2133	59.408
13.1967	58.9893
13.28	58.9627
13.4153	59.8453
13.6187	56.9893
13.928	55.072
14.286	54.544
14.7333	54.3333
15.2407	54.4427
15.806	55.3227
16.29	55.8987
16.8473	56.3067
17.2867	56.1013
17.684	55.8827
18.264	55.5253
18.7353	55.0693
19.178	54.8747
19.5693	54.88
19.7947	55.1813
20.0907	55.28
20.4747	55.3093
20.7	55.8133
20.904	55.92
21.1573	55.8267
21.4787	55.6587
21.7867	54.848
22.0733	54.3093
22.144	54.3733
22.404	53.704
22.5227	53.072
22.632	52.9973
22.7653	52.7573
22.9667	52.8053
23.0427	52.3733
23.0013	53.0907
23.008	53.3227
22.932	53.68
22.7413	54.6107
22.656	55.4267
22.372	55.736
21.952	56.6613
21.62	57.2427
21.3	57.944
21.0307	58.8827
20.7973	59.5653
20.5747	60.0107
20.392	60.5333
20.1293	61.0773
19.9233	61.624
19.632	62.2347
19.3833	62.832
19.1673	63.128
18.9193	63.5627
18.6553	64.32
18.4293	64.6053
18.1987	65.0667
18.006	65.2853
17.796	65.5467
17.606	65.9013
17.44	66.1947
17.2827	66.6613
17.138	66.8987
16.9967	67.1173
16.8667	67.3493
16.738	67.7227
16.5987	68.064
16.4573	68.216
16.3527	68.512
16.2567	68.6107
16.2	68.7307
16.1253	68.832
16.08	69.44
16.0347	69.032
15.9693	69.488
15.8913	69.5893
15.8807	69.7573
15.8887	70.1147
15.8807	70.2133
15.8467	70.1787
15.804	70.6773
15.7513	70.616
15.69	70.7893
15.6207	71.0027
15.5667	71.1627
15.5267	71.456
15.502	71.9413
15.5	71.856
15.464	71.632
15.4067	71.5813
15.38	71.5493
15.3433	71.8587
15.2993	71.864
15.2927	72.208
15.316	72.6667
15.2773	72.696
15.2467	72.944
15.2067	73.0427
15.2033	72.752
15.2367	72.376
15.2893	72.0427
15.3387	72.2373
15.4173	71.992
15.5433	71.736
15.714	71.4507
15.9	70.7787
16.086	69.9867
16.3187	69.192
16.568	68.7067
16.9387	67.8
17.43	67.424
17.8527	66.8533
18.2553	66.44
18.7607	65.7867
19.4587	63.5813
20.3167	56.296
21.136	51.8613
21.8747	49.7947
23.1187	42.7227
23.8533	42.2667
23.744	46.8373
24.3787	40.8613
26.484	30.66
26.496	30.5293
26.8227	28.6827
26.9853	36.2267
27.1253	34.7493
27.36	32.3253
27.6613	26.6413
27.9667	26.6653
27.9747	30.0013
28.004	28.0707
28.5093	29.568
29.608	24.3973
29.908	22.6593
29.3587	22.2607
29.1013	22.788
28.3667	23.5467
27.5173	23.972
26.86	23.48
26.4493	24.7907
26.1213	25.6493
25.8013	26.2773
25.4213	25.892
25.1333	27.3747
24.816	27.5347
24.5013	28.36
24.1813	28.612
23.8707	29.812
23.6093	30.192
23.284	30.764
23.068	31.4733
22.8933	31.7333
22.74	32.36
22.592	33.056
22.4693	34.824
22.3533	35.688
22.2147	36.9173
22.0213	37.9493
21.7587	38.7747
21.504	39.5813
21.2413	40.4187
21.0173	41.1867
20.7547	41.7413
20.5933	42.128
20.4707	42.4133
20.3467	42.9947
20.2253	43.3733
20.0793	43.4667
19.916	43.7413
19.7773	44.0107
19.6567	44.1093
19.5107	44.472
19.3673	44.336
19.1833	44.4053
19.0053	44.8933
18.844	44.3707
18.6933	44.4293
18.6267	44.68
18.57	45.4
18.51	46.3707
18.346	47.184
18.1247	47.7227
17.9833	48.424
17.792	48.4587
17.636	48.1893
17.5033	48.2
17.3287	48.528
17.162	48.232
17.0273	48.2293
16.838	48.8693
16.618	49.296
16.4013	50.0373
16.2607	50.0587
16.2367	49.84
16.286	50.2987
46318.68854	154734.216
16.75178609	55.96174177
